5
266
256
243
254
258
237
238
257
264
270
253
258
268
233
242
253
268
266
303
299
264
273
259
284
238
262
278
252
262
250
243
226
231
236
239
246
252
248
256
272
237
272
271
261
234
280
303
273
285
268
249
268
262
213
243
250
242
281
258
251
259
242
236
259
256
270
260
262
275
254
273
255
268
232
252
295
289
299
280
287
281
257
248
286
256
261
287
280
256
251
243
228
253
251
267
231
264
288
254
232
257
270
230
232
223
299
300
232
293
319
237
181
314
305
272
281
339
289
205
211
262
195
239
310
279
268
260
302
202
228
269
264
251
320
278
241
264
267
280
254
278
277
284
279
304
288
216
255
241
199
242
253
289
245
299
240
205
203
226
236
258
271
278
285
283
274
224
219
267
252
233
288
270
246
264
271
260
264
235
257
223
238
244
216
335
303
317
289
284
198
254
264
256
340
359
355
295
271
232
177
199
234
240
249
294
335
294
328
291
250
245
292
257
282
282
272
232
238
255
256
233
283
326
285
318
312
290
275
234
255
253
305
248
322
281
257
270
218
234
241
205
224
239
230
285
266
247
276
246
271
279
241
292
277
279
286
321
310
298
292
276
281
255
292
289
245
259
279
238
242
248
257
255
243
280
248
274
262
279
282
243
303
293
293
253
288
278
267
297
283
251
248
254
250
265
242
280
246
247
244
234
248
232
233
236
208
274
291
281
280
261
232
261
231
250
246
261
302
291
272
288
279
260
258
258
263
245
261
284
272
278
283
254
253
258
233
249
261
251
244
274
273
247
223
244
271
302
289
296
292
277
249
269
286
279
300
275
277
253
264
268
251
247
247
254
244
224
243
259
267
267
272
269
254
251
267
272
264
290
283
279
267
257
271
246
251
251
260
251
272
264
229
254
264
251
227
234
223
232
247
245
250
260
252
252
257
264
240
268
286
270
266
270
290
270
271
288
281
270
273
264
277
270
264
257
257
256
247
261
276
269
287
265
268
294
290
283
251
258
251
264
270
264
248
252
259
256
254
261
250
246
248
259
249
251
276
275
254
244
251
240
265
252
260
259
269
248
266
271
270
234
258
255
257
266
276
258
259
252
251
225
245
252
229
231
258
265
249
246
241
255
228
239
244
247
252
264
271
256
237
247
267
263
254
268
240
288
291
281
294
256
248
242
254
258
250
243
268
256
290
287
316
284
296
258
259
263
248
253
261
281
272
299
336
337
338
359
362
351
313
252
272
271
276
274
277
257
239
251
245
245
256
230
260
224
211
214
182
162
153
95
104
104
165
196
241
280
335
331
362
372
355
330
327
331
308
301
280
298
291
275
275
261
276
271
269
284
222
237
201
190
165
149
158
152
151
147
178
185
210
234
242
283
264
279
293
295
300
295
321
297
338
366
362
320
350
303
322
335
300
313
278
276
249
246
253
250
231
185
224
222
259
244
257
236
262
239
280
268
245
294
290
308
312
301
330
331
317
322
307
279
285
248
270
254
239
262
259
256
265
244
257
229
245
231
232
228
224
206
231
221
209
247
246
239
289
249
267
260
296
304
288
267
238
208
240
268
281
266
275
269
270
289
303
285
277
292
249
258
290
268
276
279
252
257
252
264
271
259
262
260
269
279
283
285
290
317
292
266
307
254
266
260
249
239
240
216
222
208
209
225
210
198
213
226
244
256
239
257
266
249
275
263
282
288
288
275
264
276
269
269
263
263
248
269
280
258
297
285
263
282
271
275
268
234
252
237
235
252
256
254
249
256
283
256
260
237
248
257
256
266
242
248
266
267
267
268
261
265
268
263
244
261
260
267
276
272
266
249
231
248
253
252
272
280
260
273
252
252
259
256
222
206
247
249
242
262
274
274
285
267
244
257
252
249
226
264
266
250
251
248
223
213
251
226
241
283
297
308
297
271
298
269
272
273
277
269
284
263
278
271
279
299
288
279
320
285
309
317
313
274
269
299
262
286
269
281
258
266
266
283
257
253
250
236
233
174
188
208
243
172
225
267
289
292
318
348
351
286
265
292
295
278
235
258
251
274
258
227
223
261
275
289
310
288
286
255
257
216
202
173
159
159
167
197
206
208
205
207
249
229
287
310
323
323
296
275
255
265
241
268
286
270
248
267
205
252
217
254
233
296
306
283
319
283
279
280
252
280
219
263
249
272
311
269
304
300
296
295
259
269
272
266
277
253
264
255
261
265
267
228
266
260
282
283
289
263
285
266
298
310
283
270
259
238
278
278
286
240
263
302
264
298
262
288
266
249
249
239
225
257
247
279
267
266
256
250
251
249
292
266
274
275
271
285
284
318
297
269
259
264
253
277
248
250
234
214
210
155
219
193
211
268
259
251
295
257
266
251
244
260
262
265
204
223
211
256
176
194
113
236
183
238
264
320
367
360
314
272
269
230
225
200
170
201
193
177
152
226
145
222
326
298
393
376
430
370
372
337
288
262
245
193
197
221
124
122
152
113
191
251
283
372
406
395
403
375
314
301
276
240
141
183
136
158
152
118
255
229
350
356
380
416
406
383
361
337
317
283
238
230
202
175
139
138
117
241
241
363
385
395
393
384
399
346
323
295
277
280
252
230
229
178
133
108
176
261
407
407
387
367
372
350
294
275
272
254
254
217
205
184
136
113
117
199
313
387
414
389
390
371
329
255
253
238
276
267
236
197
170
139
96
92
108
197
320
388
380
346
337
334
317
256
244
263
260
258
229
193
162
149
97
144
116
244
344
421
419
334
281
288
309
288
292
297
289
263
242
198
171
128
113
90
116
139
299
381
403
380
298
277
267
280
292
321
351
347
316
247
199
180
155
149
156
149
129
301
363
389
383
325
299
297
295
287
301
323
334
319
261
215
181
176
164
154
194
154
222
305
400
390
331
290
293
302
291
296
290
319
314
279
243
225
189
190
220
197
245
233
189
204
288
360
374
339
322
297
291
309
294
300
298
279
259
214
175
133
189
142
121
205
301
400
389
316
273
283
303
298
304
308
315
307
285
221
207
199
150
157
167
213
110
170
264
353
398
343
277
286
281
308
306
323
325
287
272
233
210
182
165
218
178
175
129
222
290
382
380
303
287
304
313
315
298
306
304
280
253
234
209
181
143
173
159
128
199
315
386
360
284
272
308
324
297
300
348
327
289
265
260
243
207
194
181
202
181
92
206
313
346
316
280
291
321
306
285
308
305
343
290
292
291
251
242
231
185
240
160
143
249
327
358
329
281
304
313
307
295
289
313
345
299
297
279
243
206
213
215
228
144
97
326
330
349
289
280
309
292
302
278
309
303
315
310
312
290
220
208
189
193
178
123
157
344
329
316
284
272
303
278
286
296
302
312
326
307
297
260
237
205
202
186
169
137
151
344
321
306
280
265
304
256
276
289
290
289
290
322
278
271
228
213
199
199
165
128
139
348
311
310
288
247
290
259
264
291
281
294
276
317
294
281
242
214
193
205
142
116
150
341
310
309
286
265
290
259
267
301
294
288
283
297
319
285
278
242
240
222
158
181
120
275
292
319
297
267
290
287
272
284
288
286
289
295
314
315
285
261
234
198
186
145
138
247
327
348
300
267
264
294
282
273
285
287
288
292
310
303
292
264
237
210
206
196
177
149
294
314
340
302
275
292
287
284
273
284
293
297
302
308
293
283
260
229
207
178
160
133
150
267
304
309
265
227
258
263
260
255
261
286
302
299
293
289
279
259
225
207
187
173
150
248
306
356
315
277
260
284
292
283
280
288
309
312
314
287
296
270
244
230
210
196
172
154
257
300
348
307
259
261
271
274
264
254
270
288
286
291
278
269
256
237
224
187
186
162
165
303
327
365
316
281
293
292
293
291
306
333
345
327
323
315
294
275
240
221
197
173
138
251
321
345
304
269
269
283
257
245
275
282
296
292
287
276
247
234
201
184
174
146
105
196
300
322
302
278
273
285
274
265
280
294
307
295
327
295
301
263
246
227
197
207
146
136
290
316
332
313
286
291
267
258
268
282
294
296
301
307
287
264
238
228
182
187
155
123
203
282
313
298
293
278
269
258
247
276
284
293
307
313
276
284
251
235
208
179
181
145
149
254
289
323
313
287
286
271
269
274
283
301
303
315
321
305
280
264
250
205
202
181
155
176
284
327
323
316
295
289
274
257
277
282
298
317
313
310
301
261
253
225
209
179
151
141
234
276
318
303
288
278
269
256
250
270
284
293
308
299
281
265
246
238
205
184
196
152
162
258
298
323
309
288
289
273
272
267
289
299
311
303
307
287
273
246
224
200
204
184
166
194
251
312
309
296
279
285
275
254
275
283
296
296
294
290
286
263
253
226
217
214
193
193
232
254
310
308
302
291
279
278
272
284
292
301
304
301
298
285
270
257
234
211
210
184
183
247
281
315
312
301
290
268
272
274
284
289
283
287
271
268
255
246
220
207
192
166
177
201
248
316
307
301
279
285
275
265
277
292
300
295
285
283
266
249
227
201
198
178
162
179
268
321
327
302
294
302
297
280
283
311
316
315
288
303
277
256
243
219
205
156
160
167
275
337
321
326
289
297
290
262
282
297
302
297
290
289
258
254
237
207
196
153
153
140
255
330
325
308
286
296
283
260
270
290
312
293
291
283
270
248
212
206
187
164
110
95
237
286
317
302
286
306
284
263
267
290
307
327
309
311
306
253
251
223
196
169
117
93
197
269
344
300
305
294
288
280
258
278
303
307
307
307
316
283
263
247
232
190
166
121
111
261
313
340
321
303
317
294
272
276
295
313
313
319
325
315
266
262
229
216
161
146
114
214
289
354
326
309
298
288
280
258
273
304
307
310
319
297
286
256
227
215
164
136
110
115
280
320
331
323
288
308
280
262
269
279
298
304
304
317
276
266
244
224
188
175
132
111
236
274
348
320
293
311
282
283
260
285
317
314
323
331
304
297
267
242
227
175
159
130
175
272
343
326
313
289
290
283
242
269
288
303
313
301
292
281
257
245
229
199
187
137
128
224
260
332
322
292
298
275
273
243
260
284
296
307
295
287
276
256
252
222
211
182
165
149
206
248
310
315
297
279
270
267
254
263
278
298
310
304
291
274
265
252
228
209
191
169
166
201
249
302
314
301
280
274
269
261
260
279
301
317
310
294
279
272
259
234
214
193
175
158
227
255
326
324
311
286
275
273
262
266
294
319
327
311
294
278
260
239
221
190
193
146
135
231
282
329
328
296
302
279
267
268
277
312
320
323
309
295
273
231
213
203
158
163
99
165
267
321
342
311
318
315
292
269
265
293
302
307
319
316
306
269
252
209
188
142
112
94
204
258
333
325
309
303
285
259
237
261
292
311
314
325
312
296
258
235
194
168
146
104
147
275
328
337
307
312
295
255
247
250
278
314
304
309
320
282
267
238
214
209
157
134
106
231
294
349
331
316
321
303
273
273
289
307
322
311
330
304
302
268
243
219
172
157
116
133
265
314
337
316
304
304
289
253
271
283
314
315
316
317
297
281
249
220
205
142
138
107
217
285
343
328
304
304
297
271
256
272
311
325
316
320
297
293
259
235
206
185
150
123
125
261
324
336
320
301
319
290
249
253
279
306
316
304
305
287
264
247
238
202
185
162
120
208
239
314
327
303
293
269
265
246
252
274
287
302
298
282
267
255
248
234
220
200
184
176
187
227
267
291
300
292
283
272
265
270
269
279
285
294
279
272
268
259
253
233
221
217
218
213
226
239
267
285
286
279
274
273
275
272
282
284
287
291
285
281
268
256
242
241
245
238
245
240
236
250
265
276
274
271
275
277
278
274
279
287
287
283
278
264
255
245
248
252
250
254
253
248
251
261
264
258
285
292
298
285
280
290
288
288
285
288
275
259
251
243
244
241
233
238
225
211
229
248
274
281
286
288
288
295
285
284
292
297
288
277
265
255
247
232
231
218
209
186
151
234
275
315
304
284
306
293
287
290
306
321
311
284
269
244
232
193
191
159
129
96
208
262
340
338
300
302
299
296
272
288
317
325
322
292
268
238
227
193
180
175
133
121
225
308
335
321
291
314
304
272
277
286
319
323
305
294
284
248
229
190
182
174
91
121
211
320
337
316
289
311
305
271
272
286
317
320
316
319
285
259
221
206
199
159
107
113
230
308
319
308
298
313
305
261
265
279
312
312
303
314
298
278
236
224
215
186
127
117
211
300
326
306
300
304
303
272
257
279
301
306
303
304
288
277
247
237
217
196
146
108
216
260
325
330
312
322
305
288
283
274
303
312
307
318
291
284
261
238
236
203
179
126
163
231
302
312
313
308
307
293
258
268
280
298
306
295
307
288
271
247
237
220
193
177
143
208
240
300
311
295
303
288
278
260
259
286
291
297
292
274
269
249
237
239
220
208
170
169
219
254
291
315
299
303
289
282
270
275
288
294
299
294
275
266
265
250
244
230
203
176
181
227
265
297
317
307
298
291
281
274
280
296
302
293
291
282
273
263
248
236
218
204
182
190
232
267
295
301
307
292
283
273
267
278
291
289
295
281
269
265
254
247
228
215
203
184
188
224
257
285
296
293
272
267
261
265
276
283
296
297
283
278
266
255
237
225
218
209
203
194
244
250
286
292
286
275
267
267
274
277
287
287
283
277
264
254
250
242
238
223
229
206
216
225
246
291
293
277
285
271
279
267
279
284
287
290
287
279
272
249
239
226
235
207
202
199
205
251
284
284
286
284
278
282
273
277
283
291
292
285
284
265
250
236
225
214
203
199
175
202
237
295
291
287
290
292
278
278
279
287
298
298
282
271
261
240
237
229
212
197
198
167
236
274
299
305
295
298
292
283
278
280
306
308
309
297
277
261
239
230
220
204
181
169
216
253
309
316
306
321
302
295
287
289
306
305
303
286
289
265
251
224
230
207
191
168
160
220
297
295
298
308
298
294
269
278
293
298
306
295
281
269
246
241
210
212
190
152
136
212
238
311
309
296
299
297
281
280
273
303
314
290
293
280
263
238
220
217
199
175
133
157
230
307
307
298
304
291
287
258
271
283
305
310
295
286
273
254
253
233
208
199
163
160
207
254
322
334
311
312
314
290
283
284
306
319
306
293
273
257
257
237
209
199
182
155
151
229
274
303
318
312
302
290
274
283
282
315
310
297
292
275
261
257
236
224
197
190
161
168
241
280
303
306
299
294
266
261
284
284
292
290
280
287
285
263
250
245
229
231
209
186
194
229
244
303
300
291
287
285
275
279
282
298
291
298
292
283
266
251
254
243
240
234
226
221
218
236
262
294
278
285
283
285
282
280
284
300
295
288
283
281
269
261
253
244
241
234
236
239
239
246
241
252
252
264
282
286
273
278
280
285
281
267
282
280
267
257
248
243
244
240
237
234
247
242
233
226
248
266
279
271
268
281
297
284
279
274
290
280
273
254
256
258
257
254
237
232
238
234
221
219
253
273
271
268
269
279
292
288
278
279
285
285
276
262
267
266
254
238
236
236
243
236
239
235
237
244
256
255
270
278
285
283
278
286
294
289
278
269
263
250
237
231
248
243
256
232
233
225
239
258
274
282
287
299
302
301
298
298
292
285
279
277
264
268
233
245
238
234
215
207
190
199
251
270
305
296
286
290
286
297
291
286
302
294
291
274
259
249
219
212
204
196
191
184
171
243
261
303
307
290
293
297
297
297
300
313
300
287
270
267
247
229
221
214
203
185
150
179
247
316
325
304
304
291
296
286
294
319
314
316
294
272
265
239
212
198
185
162
120
164
231
329
344
331
317
316
317
294
297
306
306
303
291
261
240
224
204
192
166
155
97
125
216
345
364
320
325
319
312
287
285
315
331
319
289
275
250
216
211
181
166
141
94
141
208
321
341
322
337
314
308
293
290
316
313
328
305
279
271
241
233
211
194
164
136
119
216
311
344
341
324
318
310
262
264
294
313
321
297
293
271
247
241
221
225
183
157
133
205
255
325
327
314
307
311
289
279
279
294
306
300
290
267
253
235
233
224
216
188
155
154
220
255
306
318
317
314
300
285
280
293
308
301
303
284
273
269
258
247
232
231
213
181
161
199
247
304
313
300
290
280
279
266
263
290
299
299
277
277
267
261
259
243
238
226
220
214
211
235
252
288
291
289
274
276
270
267
269
282
289
283
263
272
264
258
250
234
228
235
244
248
247
262
275
269
263
255
261
274
277
276
285
286
289
284
278
264
255
246
236
225
217
222
230
222
236
250
279
286
289
295
300
300
289
285
285
296
289
274
261
247
234
229
237
231
239
228
240
248
243
249
246
277
285
290
283
291
292
287
287
283
286
268
261
250
238
232
227
225
213
215
200
219
252
276
310
298
290
301
304
296
292
298
288
290
273
255
232
234
205
217
212
196
182
187
266
322
345
319
308
312
312
300
291
306
305
294
272
249
237
217
184
197
198
163
117
214
295
380
353
317
313
329
306
288
301
308
310
286
262
247
227
193
167
167
144
98
125
238
352
358
324
299
307
321
274
274
291
315
320
273
269
264
235
207
202
181
155
94
175
253
386
368
308
300
317
307
268
265
300
318
314
269
267
274
226
204
197
179
147
97
207
294
397
340
291
309
328
305
266
268
313
323
295
279
275
262
220
231
218
194
123
93
192
273
387
344
301
294
306
300
265
264
307
312
310
285
273
267
232
235
229
206
171
120
178
253
368
334
291
289
298
298
262
262
286
305
305
283
275
264
244
248
240
229
190
153
142
233
309
339
322
298
299
296
274
267
263
278
285
294
282
271
258
251
256
252
235
222
218
204
210
242
285
313
312
292
298
288
283
261
262
268
277
284
265
252
244
232
231
223
237
234
236
244
250
257
254
260
265
276
277
278
278
273
275
270
267
262
260
257
244
243
233
223
216
217
223
236
258
280
302
301
286
277
275
277
278
283
281
274
265
256
247
241
240
242
251
259
267
275
281
286
287
271
268
266
269
264
258
249
244
245
238
236
230
231
230
228
229
224
235
271
302
315
314
310
296
281
271
268
282
282
279
266
252
235
228
229
225
233
238
242
246
258
263
264
269
272
279
280
289
288
273
273
271
268
259
254
241
242
242
224
197
218
267
331
339
323
304
303
292
280
272
334
333
239
253
278
241
262
218
262
259
223
236
227
259
272
241
226
219
246
276
280
290
300
312
308
279
291
246
245
255
217
219
190
163
132
172
304
395
359
302
268
302
300
274
277
297
322
321
279
269
235
217
203
206
179
168
111
120
283
374
382
309
257
289
307
280
280
293
323
319
306
274
261
248
219
229
206
171
109
124
280
393
384
323
271
294
297
275
262
282
311
316
287
285
266
240
234
227
225
204
164
131
219
282
373
342
298
286
287
282
274
265
272
281
285
277
274
254
241
253
244
229
207
196
191
206
235
273
309
298
290
281
275
279
278
268
269
275
280
272
260
252
242
229
231
234
243
252
265
283
282
282
275
272
268
260
253
248
248
245
248
254
254
252
247
244
239
236
230
226
243
278
300
309
298
292
283
279
269
266
272
272
265
261
252
250
248
254
250
255
262
258
275
285
289
292
284
284
273
263
248
248
252
252
250
249
245
249
248
245
240
239
243
244
255
271
281
292
291
288
289
276
269
262
260
265
258
250
243
232
246
241
229
230
229
232
235
241
252
269
277
277
364
258
250
218
245
308
281
274
262
246
250
284
257
195
226
242
232
230
238
307
311
307
290
298
322
302
294
293
267
279
229
223
202
180
171
146
112
228
314
402
344
283
291
319
318
287
282
314
325
316
274
254
255
211
216
213
202
199
160
177
206
287
326
305
304
271
308
292
287
282
276
279
266
239
240
207
222
192
192
188
182
226
262
326
328
288
312
298
306
269
256
275
256
243
216
236
216
220
233
257
279
282
265
227
255
272
310
327
318
318
302
307
287
272
255
238
242
255
249
250
255
277
275
268
239
257
297
305
315
281
306
302
284
272
248
247
239
228
228
236
251
243
260
270
292
308
312
306
284
273
243
237
224
221
240
247
247
237
241
235
221
192
250
280
307
295
275
280
271
252
246
256
265
284
282
277
282
266
262
248
203
198
201
273
328
281
264
2
